1136
864
510
834
377
772
537
373
361
335
233
587
298
149
436
199
105
219
251
217
114
162
74
188
98
68
387
61
162
117
82
408
103
93
78
60
267
263
418
61
78
91
109
39
110
146
60
309
54
74
44
95
104
135
99
265
48
142
157
125
98
71
98
341
66
45
49
130
79
282
82
38
19
48
56
40
126
61
121
38
22
64
33
54
25
82
32
12
205
64
61
39
30
36
6
24
286
37
51
8
91
24
11
166
221
20
62
78
14
35
24
57
23
12
72
269
115
18
10
52
28
32
86
59
167
173
50
24
140
6
131
174
33
40
58
18
17
79
22
24
60
134
5
106
53
29
133
49
15
9
39
114
16
11
122
52
124
17
86
15
18
13
7
91
43
106
201
18
123
18
32
71
10
115
44
38
213
43
22
117
82
27
23
52
44
9
5
58
13
34
48
41
98
39
32
17
7
48
26
2
16
78
61
35
10
24
22
40
61
63
38
13
26
24
70
20
47
8
73
4
30
29
10
15
69
63
30
43
15
59
28
4
15
6
46
17
38
3
24
134
132
53
30
64
20
38
7
34
10
50
43
38
18
16
95
30
9
20
15
13
48
40
15
26
12
8
11
13
28
6
20
21
8
55
46
19
37
110
18
38
109
25
14
28
13
12
14
40
8
22
10
85
151
27
100
53
2
15
14
6
7
25
3
19
26
140
11
18
11
24
35
23
11
142
11
50
44
16
11
4
39
3
17
11
16
23
11
10
16
21
31
51
1
3
110
79
6
15
11
21
36
33
6
43
26
22
20
69
123
24
16
29
3
17
22
7
20
5
5
8
20
6
3
5
3
17
11
11
32
30
12
17
28
13
17
4
21
10
11
14
23
4
103
9
7
23
63
16
16
77
5
19
7
6
11
52
48
7
18
6
9
4
4
8
77
10
14
6
112
10
19
4
25
5
7
20
18
29
22
13
12
17
5
10
46
104
28
5
8
4
96
11
2
3
13
5
5
22
5
28
8
15
12
7
26
4
6
34
6
7
8
68
4
18
3
5
92
16
9
53
9
7
11
14
10
10
67
6
21
12
54
15
6
6
14
11
14
6
10
2
2
48
7
45
14
8
11
7
14
10
4
89
16
15
1
4
3
28
3
2
10
8
17
87
5
6
86
9
10
20
10
9
7
6
20
24
7
58
7
30
6
12
3
70
55
2
16
14
19
3
8
28
3
9
9
2
9
26
6
7
9
1
20
14
5
5
15
36
1
13
15
5
10
57
1
8
73
7
4
1
3
7
1
2
18
3
48
42
3
9
2
10
4
1
6
13
16
28
14
10
3
21
6
12
5
4
64
8
31
13
7
7
7
8
5
27
26
10
8
2
15
28
31
15
39
12
1
3
49
18
4
8
35
60
3
38
7
26
3
8
6
2
4
1
27
5
4
8
11
1
9
2
11
3
5
2
5
8
1
26
2
9
13
11
1
50
4
37
4
2
1
4
43
10
1
8
1
39
3
1
47
17
13
8
41
8
13
59
6
46
8
3
6
12
7
3
4
1
7
5
2
6
3
12
6
6
41
11
9
5
2
3
2
5
4
1
2
17
6
27
3
8
6
3
6
15
6
5
2
11
1
5
44
31
12
8
7
4
2
51
50
8
15
33
3
2
3
28
3
6
3
5
2
6
10
1
18
11
1
4
17
4
7
11
9
16
19
5
3
5
7
5
8
3
46
19
3
2
2
10
3
6
11
11
2
2
6
1
3
5
4
8
2
6
5
8
8
2
39
1
17
10
3
11
4
19
5
6
2
8
8
1
5
1
15
24
7
17
1
2
12
3
7
2
18
6
1
33
6
4
38
9
2
2
2
1
3
1
8
4
2
1
7
26
9
5
4
1
7
1
2
7
1
2
22
4
6
3
10
19
2
13
1
2
1
5
1
9
3
5
3
4
2
18
8
15
13
3
5
6
6
4
1
26
8
6
10
3
6
3
3
33
2
16
6
1
2
15
3
5
7
2
1
12
9
1
3
1
3
4
25
1
3
3
10
12
3
26
1
1
7
1
9
9
1
3
1
2
4
6
7
3
2
4
2
1
6
7
15
7
1
11
4
1
1
3
1
3
4
2
2
4
17
22
1
2
1
4
5
8
1
3
2
3
1
6
1
4
16
3
2
6
10
2
3
1
1
3
1
18
12
3
1
1
5
1
2
2
15
1
3
1
10
9
2
5
2
9
12
4
3
3
1
3
4
2
6
5
16
1
3
1
2
1
6
6
1
5
6
1
7
2
1
5
3
2
13
4
14
2
1
3
17
2
1
4
6
2
7
3
2
3
2
5
8
1
2
2
2
6
1
1
2
1
1
5
3
2
3
6
5
1
5
1
1
1
4
2
1
3
2
1
5
7
1
4
2
3
1
2
3
1
1
3
2
3
5
5
2
1
2
5
4
6
1
2
1
1
4
1
5
1
2
1
1
2
1
3
5
4
2
3
3
5
6
3
3
1
1
1
1
1
3
1
3
1
1
1
2
1
1
1
5
5
1
3
2
1
6
1
2
2
1
2
1
2
3
1
2
3
2
2
3
1
1
1
1
1
2
2
5
1
1
1
1
2
1
1
1
3
4
3
1
1
1
2
1
2
4
2
1
1
1
1
1
1
1
1
1
1
1
3
2
2
1
1
1
1
1
2
1
1
1
1
1
1
1
1
1
1
1
1
1
1
1
1
1
1
1
1
1
1
